5.072594881057739258e-01
5.878069996833801270e-01
5.552691221237182617e-01
6.785969138145446777e-01
7.014182806015014648e-01
4.915075302124023438e-01
9.101732373237609863e-01
5.795214772224426270e-01
6.338271498680114746e-01
6.236783266067504883e-01
8.413735628128051758e-01
6.452444195747375488e-01
7.075012922286987305e-01
1.224022626876831055e+00
1.318767309188842773e+00
9.050906300544738770e-01
6.188716888427734375e-01
5.850747823715209961e-01
2.080363273620605469e+00
9.100999832153320312e-01
1.201289653778076172e+00
7.263994216918945312e-01
6.879889965057373047e-01
7.657545804977416992e-01
8.679270744323730469e-01
7.322920560836791992e-01
1.050534248352050781e+00
1.102344155311584473e+00
1.291618585586547852e+00
8.830044865608215332e-01
1.011796116828918457e+00
1.137432336807250977e+00
2.522528886795043945e+00
1.383075237274169922e+00
1.242268800735473633e+00
1.225695252418518066e+00
1.265053391456604004e+00
1.225257635116577148e+00
1.265899419784545898e+00
2.534756422042846680e+00
1.804618120193481445e+00
2.163204193115234375e+00
1.553417563438415527e+00
2.468849420547485352e+00
1.786051511764526367e+00
1.998424530029296875e+00
1.286824464797973633e+00
1.821225404739379883e+00
1.390826582908630371e+00
1.090589523315429688e+00
1.398538827896118164e+00
1.896787405014038086e+00
1.049643754959106445e+00
1.130563735961914062e+00
1.170933842658996582e+00
1.008056998252868652e+00
9.005430340766906738e-01
1.288222670555114746e+00
9.683192372322082520e-01
9.319094419479370117e-01
1.117508172988891602e+00
1.386477351188659668e+00
9.282191395759582520e-01
3.069262981414794922e+00
9.503625035285949707e-01
9.459093213081359863e-01
7.783268690109252930e-01
6.925579905509948730e-01
1.469982504844665527e+00
4.785929620265960693e-01
9.760755300521850586e-01
6.492682695388793945e-01
7.295871973037719727e-01
9.103108644485473633e-01
5.923201441764831543e-01
5.404659509658813477e-01
3.391337633132934570e+00
2.713607072830200195e+00
2.245305776596069336e+00
3.569303989410400391e+00
1.105996608734130859e+00
8.523623347282409668e-01
4.295033454895019531e+00
1.613358736038208008e+00
1.350279688835144043e+00
8.469416499137878418e-01
1.157387137413024902e+00
2.572281062602996826e-01
3.158674836158752441e-01
3.164393007755279541e-01
6.779211759567260742e-01
1.138131856918334961e+00
9.102461934089660645e-01
7.612834572792053223e-01
9.382381439208984375e-01
9.816554784774780273e-01
3.002766072750091553e-01
2.383904010057449341e-01
2.586972713470458984e-01
5.916562676429748535e-01
1.019291520118713379e+00
1.081313729286193848e+00
9.250580072402954102e-01
1.222987294197082520e+00
5.103987455368041992e-01
4.691464006900787354e-01
4.552597403526306152e-01
5.713354945182800293e-01
1.087397813796997070e+00
9.585388898849487305e-01
4.867535233497619629e-01
7.152141332626342773e-01
1.547178149223327637e+00
2.484583556652069092e-01
3.388994336128234863e-01
5.799929499626159668e-01
4.347503185272216797e-01
3.293071687221527100e-01
5.844035148620605469e-01
8.174310922622680664e-01
1.220092773437500000e+00
9.945940971374511719e-01
1.315144300460815430e+00
7.489044666290283203e-01
1.421722650527954102e+00
